[-0.66056127  0.98565171 -1.64460356]
[-0.66135538  1.02454692 -1.64566509]
[-0.66377328  1.06506754 -1.64890654]
[-0.66792772  1.10753617 -1.65450777]
[-0.67402936  1.15241894 -1.66280309]
[-0.68243166  1.20040568 -1.67434921]
[-0.69372505  1.25256941 -1.69006756]
[-0.70895306  1.31072406 -1.71156952]
[-0.73020771  1.37839851 -1.74204981]
[-0.76296928  1.46463721 -1.78978768]
[-0.88816528  1.67898435 -2.00396661]
[-0.89730421  1.66927333 -2.04363969]
[-0.90376075  1.65156037 -2.07675973]
[-0.90867291  1.62756855 -2.10485254]
[-0.91248345  1.59795521 -2.128422  ]
[-0.91541697  1.56308931 -2.14765862]
[-0.91760242  1.52325886 -2.16262574]
[-0.9191179   1.47875112 -2.17333167]
[-0.92001041  1.42988841 -2.17976444]
[-0.92030524  1.37704223 -2.18191054]
[-0.92030524  1.37704223 -2.18191054]
[-0.92001041  1.32063377 -2.17976444]
[-0.9191179   1.26112454 -2.17333167]
[-0.91760242  1.19899994 -2.16262574]
[-0.91541697  1.13474805 -2.14765862]
[-0.91248345  1.06883531 -2.128422  ]
[-0.90867291  1.00167898 -2.10485254]
[-0.90376075  0.93361089 -2.07675973]
[-0.89730421  0.86480695 -2.04363969]
[-0.88816528  0.79503873 -2.00396661]
[-0.76296928  0.70240539 -1.78978768]
[-0.73020771  0.72337945 -1.74204981]
[-0.70895306  0.74986715 -1.71156952]
[-0.69372505  0.779179   -1.69006756]
[-0.68243166  0.81036403 -1.67434921]
[-0.67402936  0.84299573 -1.66280309]
[-0.66792772  0.87687484 -1.65450777]
[-0.66377328  0.91192659 -1.64890654]
[-0.66135538  0.9481598  -1.64566509]
[-0.66056127  0.98565171 -1.64460356]
